10001100000000010000000000000000
10001100000000100000000000000001
10001100000000110000000000000111
10001100011001000000000000001011
00000000011001000011000000100000
00000000110000010011100000100010
10001100111100000000000000000101
00000000001001000010100000100100
00000010000000100100000000100101
10101100101010000000000000000111
00100000001010100000000100000000
00110000100010110000000011111111
00110110000011000000000100000000
10001100000010010000000000001100
00010001001010000000000000000001
00000000000010110110100100000000
00000000000010110111000100000000
00000000000010100111100100000010
00000001111011101000100000101010
00000001110011111001000000101010
00001000000000000000000000010110
00000001111011101001000000101010
00001100000000000000000000011000
00010010000010110000000000000011
00100001011010110000000000000010
00000011111000000000000000001000
00100001011010110000000000000010

